/*--------------------------------*- C++ -*----------------------------------*\
  =========                 |
  \\      /  F ield         | OpenFOAM: The Open Source CFD Toolbox
   \\    /   O peration     | Website:  https://openfoam.org
    \\  /    A nd           | Version:  6
     \\/     M anipulation  |
\*---------------------------------------------------------------------------*/
FoamFile
{
    version     2.0;
    format      ascii;
    class       faceList;
    location    "constant/polyMesh";
    object      faces;
}
// * * * * * * * * * * * * * * * * * * * * * * * * * * * * * * * * * * * * * //


1907
(
4(1 37 556 520)
4(36 555 556 37)
4(2 38 557 521)
4(37 556 557 38)
4(3 39 558 522)
4(38 557 558 39)
4(4 40 559 523)
4(39 558 559 40)
4(5 41 560 524)
4(40 559 560 41)
4(6 42 561 525)
4(41 560 561 42)
4(7 43 562 526)
4(42 561 562 43)
4(8 44 563 527)
4(43 562 563 44)
4(9 45 564 528)
4(44 563 564 45)
4(10 46 565 529)
4(45 564 565 46)
4(11 47 566 530)
4(46 565 566 47)
4(12 48 567 531)
4(47 566 567 48)
4(13 49 568 532)
4(48 567 568 49)
4(14 50 569 533)
4(49 568 569 50)
4(50 569 570 51)
4(17 55 574 536)
4(54 573 574 55)
4(18 56 575 537)
4(55 574 575 56)
4(19 57 576 538)
4(56 575 576 57)
4(20 58 577 539)
4(57 576 577 58)
4(21 59 578 540)
4(58 577 578 59)
4(22 60 579 541)
4(59 578 579 60)
4(23 61 580 542)
4(60 579 580 61)
4(24 62 581 543)
4(61 580 581 62)
4(25 63 582 544)
4(62 581 582 63)
4(26 64 583 545)
4(63 582 583 64)
4(27 65 584 546)
4(64 583 584 65)
4(28 66 585 547)
4(65 584 585 66)
4(29 67 586 548)
4(66 585 586 67)
4(30 68 587 549)
4(67 586 587 68)
4(31 69 588 550)
4(68 587 588 69)
4(32 70 589 551)
4(69 588 589 70)
4(33 71 590 552)
4(70 589 590 71)
4(34 72 591 553)
4(71 590 591 72)
4(72 591 592 73)
4(37 75 594 556)
4(74 593 594 75)
4(38 76 595 557)
4(75 594 595 76)
4(39 77 596 558)
4(76 595 596 77)
4(40 78 597 559)
4(77 596 597 78)
4(41 79 598 560)
4(78 597 598 79)
4(42 80 599 561)
4(79 598 599 80)
4(43 81 600 562)
4(80 599 600 81)
4(44 82 601 563)
4(81 600 601 82)
4(45 83 602 564)
4(82 601 602 83)
4(46 84 603 565)
4(83 602 603 84)
4(47 85 604 566)
4(84 603 604 85)
4(48 86 605 567)
4(85 604 605 86)
4(49 87 606 568)
4(86 605 606 87)
4(50 88 607 569)
4(87 606 607 88)
4(51 89 608 570)
4(88 607 608 89)
4(52 90 609 571)
4(89 608 609 90)
4(90 609 610 91)
4(55 93 612 574)
4(92 611 612 93)
4(56 94 613 575)
4(93 612 613 94)
4(57 95 614 576)
4(94 613 614 95)
4(58 96 615 577)
4(95 614 615 96)
4(59 97 616 578)
4(96 615 616 97)
4(60 98 617 579)
4(97 616 617 98)
4(61 99 618 580)
4(98 617 618 99)
4(62 100 619 581)
4(99 618 619 100)
4(63 101 620 582)
4(100 619 620 101)
4(64 102 621 583)
4(101 620 621 102)
4(65 103 622 584)
4(102 621 622 103)
4(66 104 623 585)
4(103 622 623 104)
4(67 105 624 586)
4(104 623 624 105)
4(68 106 625 587)
4(105 624 625 106)
4(69 107 626 588)
4(106 625 626 107)
4(70 108 627 589)
4(107 626 627 108)
4(71 109 628 590)
4(108 627 628 109)
4(72 110 629 591)
4(109 628 629 110)
4(110 629 630 111)
4(75 113 632 594)
4(112 631 632 113)
4(76 114 633 595)
4(113 632 633 114)
4(77 115 634 596)
4(114 633 634 115)
4(78 116 635 597)
4(115 634 635 116)
4(79 117 636 598)
4(116 635 636 117)
4(80 118 637 599)
4(117 636 637 118)
4(81 119 638 600)
4(118 637 638 119)
4(82 120 639 601)
4(119 638 639 120)
4(83 121 640 602)
4(120 639 640 121)
4(84 122 641 603)
4(121 640 641 122)
4(85 123 642 604)
4(122 641 642 123)
4(86 124 643 605)
4(123 642 643 124)
4(87 125 644 606)
4(124 643 644 125)
4(88 126 645 607)
4(125 644 645 126)
4(89 127 646 608)
4(126 645 646 127)
4(90 128 647 609)
4(127 646 647 128)
4(128 647 648 129)
4(93 131 650 612)
4(130 649 650 131)
4(94 132 651 613)
4(131 650 651 132)
4(95 133 652 614)
4(132 651 652 133)
4(96 134 653 615)
4(133 652 653 134)
4(97 135 654 616)
4(134 653 654 135)
4(98 136 655 617)
4(135 654 655 136)
4(99 137 656 618)
4(136 655 656 137)
4(100 138 657 619)
4(137 656 657 138)
4(101 139 658 620)
4(138 657 658 139)
4(102 140 659 621)
4(139 658 659 140)
4(103 141 660 622)
4(140 659 660 141)
4(104 142 661 623)
4(141 660 661 142)
4(105 143 662 624)
4(142 661 662 143)
4(106 144 663 625)
4(143 662 663 144)
4(107 145 664 626)
4(144 663 664 145)
4(108 146 665 627)
4(145 664 665 146)
4(109 147 666 628)
4(146 665 666 147)
4(110 148 667 629)
4(147 666 667 148)
4(148 667 668 149)
4(113 151 670 632)
4(150 669 670 151)
4(114 152 671 633)
4(151 670 671 152)
4(115 153 672 634)
4(152 671 672 153)
4(116 154 673 635)
4(153 672 673 154)
4(117 155 674 636)
4(154 673 674 155)
4(118 156 675 637)
4(155 674 675 156)
4(119 157 676 638)
4(156 675 676 157)
4(120 158 677 639)
4(157 676 677 158)
4(121 159 678 640)
4(158 677 678 159)
4(122 160 679 641)
4(159 678 679 160)
4(123 161 680 642)
4(160 679 680 161)
4(124 162 681 643)
4(161 680 681 162)
4(125 163 682 644)
4(162 681 682 163)
4(126 164 683 645)
4(163 682 683 164)
4(127 165 684 646)
4(164 683 684 165)
4(128 166 685 647)
4(165 684 685 166)
4(129 167 686 648)
4(166 685 686 167)
4(130 168 687 649)
4(167 686 687 168)
4(131 169 688 650)
4(168 687 688 169)
4(132 170 689 651)
4(169 688 689 170)
4(133 171 690 652)
4(170 689 690 171)
4(134 172 691 653)
4(171 690 691 172)
4(135 173 692 654)
4(172 691 692 173)
4(136 174 693 655)
4(173 692 693 174)
4(137 175 694 656)
4(174 693 694 175)
4(138 176 695 657)
4(175 694 695 176)
4(139 177 696 658)
4(176 695 696 177)
4(140 178 697 659)
4(177 696 697 178)
4(141 179 698 660)
4(178 697 698 179)
4(142 180 699 661)
4(179 698 699 180)
4(143 181 700 662)
4(180 699 700 181)
4(144 182 701 663)
4(181 700 701 182)
4(145 183 702 664)
4(182 701 702 183)
4(146 184 703 665)
4(183 702 703 184)
4(147 185 704 666)
4(184 703 704 185)
4(148 186 705 667)
4(185 704 705 186)
4(186 705 706 187)
4(151 192 711 670)
4(191 710 711 192)
4(152 193 712 671)
4(192 711 712 193)
4(153 194 713 672)
4(193 712 713 194)
4(154 195 714 673)
4(194 713 714 195)
4(155 196 715 674)
4(195 714 715 196)
4(156 197 716 675)
4(196 715 716 197)
4(157 198 717 676)
4(197 716 717 198)
4(158 199 718 677)
4(198 717 718 199)
4(159 200 719 678)
4(199 718 719 200)
4(160 201 720 679)
4(200 719 720 201)
4(161 202 721 680)
4(201 720 721 202)
4(162 203 722 681)
4(202 721 722 203)
4(163 204 723 682)
4(203 722 723 204)
4(164 205 724 683)
4(204 723 724 205)
4(165 206 725 684)
4(205 724 725 206)
4(166 207 726 685)
4(206 725 726 207)
4(167 208 727 686)
4(207 726 727 208)
4(168 209 728 687)
4(208 727 728 209)
4(169 210 729 688)
4(209 728 729 210)
4(170 211 730 689)
4(210 729 730 211)
4(171 212 731 690)
4(211 730 731 212)
4(172 213 732 691)
4(212 731 732 213)
4(173 214 733 692)
4(213 732 733 214)
4(174 215 734 693)
4(214 733 734 215)
4(175 216 735 694)
4(215 734 735 216)
4(176 217 736 695)
4(216 735 736 217)
4(177 218 737 696)
4(217 736 737 218)
4(178 219 738 697)
4(218 737 738 219)
4(179 220 739 698)
4(219 738 739 220)
4(180 221 740 699)
4(220 739 740 221)
4(181 222 741 700)
4(221 740 741 222)
4(182 223 742 701)
4(222 741 742 223)
4(183 224 743 702)
4(223 742 743 224)
4(184 225 744 703)
4(224 743 744 225)
4(185 226 745 704)
4(225 744 745 226)
4(186 227 746 705)
4(226 745 746 227)
4(187 228 747 706)
4(227 746 747 228)
4(188 229 748 707)
4(228 747 748 229)
4(189 230 749 708)
4(229 748 749 230)
4(230 749 750 231)
4(192 233 752 711)
4(232 751 752 233)
4(193 234 753 712)
4(233 752 753 234)
4(194 235 754 713)
4(234 753 754 235)
4(195 236 755 714)
4(235 754 755 236)
4(196 237 756 715)
4(236 755 756 237)
4(197 238 757 716)
4(237 756 757 238)
4(198 239 758 717)
4(238 757 758 239)
4(199 240 759 718)
4(239 758 759 240)
4(200 241 760 719)
4(240 759 760 241)
4(201 242 761 720)
4(241 760 761 242)
4(202 243 762 721)
4(242 761 762 243)
4(203 244 763 722)
4(243 762 763 244)
4(204 245 764 723)
4(244 763 764 245)
4(205 246 765 724)
4(245 764 765 246)
4(206 247 766 725)
4(246 765 766 247)
4(207 248 767 726)
4(247 766 767 248)
4(208 249 768 727)
4(248 767 768 249)
4(209 250 769 728)
4(249 768 769 250)
4(210 251 770 729)
4(250 769 770 251)
4(211 252 771 730)
4(251 770 771 252)
4(212 253 772 731)
4(252 771 772 253)
4(213 254 773 732)
4(253 772 773 254)
4(214 255 774 733)
4(254 773 774 255)
4(215 256 775 734)
4(255 774 775 256)
4(216 257 776 735)
4(256 775 776 257)
4(217 258 777 736)
4(257 776 777 258)
4(218 259 778 737)
4(258 777 778 259)
4(219 260 779 738)
4(259 778 779 260)
4(220 261 780 739)
4(260 779 780 261)
4(221 262 781 740)
4(261 780 781 262)
4(222 263 782 741)
4(262 781 782 263)
4(223 264 783 742)
4(263 782 783 264)
4(224 265 784 743)
4(264 783 784 265)
4(225 266 785 744)
4(265 784 785 266)
4(226 267 786 745)
4(266 785 786 267)
4(227 268 787 746)
4(267 786 787 268)
4(228 269 788 747)
4(268 787 788 269)
4(229 270 789 748)
4(269 788 789 270)
4(230 271 790 749)
4(270 789 790 271)
4(271 790 791 272)
4(233 274 793 752)
4(273 792 793 274)
4(234 275 794 753)
4(274 793 794 275)
4(235 276 795 754)
4(275 794 795 276)
4(236 277 796 755)
4(276 795 796 277)
4(237 278 797 756)
4(277 796 797 278)
4(238 279 798 757)
4(278 797 798 279)
4(239 280 799 758)
4(279 798 799 280)
4(240 281 800 759)
4(280 799 800 281)
4(241 282 801 760)
4(281 800 801 282)
4(242 283 802 761)
4(282 801 802 283)
4(243 284 803 762)
4(283 802 803 284)
4(244 285 804 763)
4(284 803 804 285)
4(245 286 805 764)
4(285 804 805 286)
4(246 287 806 765)
4(286 805 806 287)
4(247 288 807 766)
4(287 806 807 288)
4(248 289 808 767)
4(288 807 808 289)
4(249 290 809 768)
4(289 808 809 290)
4(250 291 810 769)
4(290 809 810 291)
4(251 292 811 770)
4(291 810 811 292)
4(252 293 812 771)
4(292 811 812 293)
4(253 294 813 772)
4(293 812 813 294)
4(254 295 814 773)
4(294 813 814 295)
4(255 296 815 774)
4(295 814 815 296)
4(256 297 816 775)
4(296 815 816 297)
4(257 298 817 776)
4(297 816 817 298)
4(258 299 818 777)
4(298 817 818 299)
4(259 300 819 778)
4(299 818 819 300)
4(260 301 820 779)
4(300 819 820 301)
4(261 302 821 780)
4(301 820 821 302)
4(262 303 822 781)
4(302 821 822 303)
4(263 304 823 782)
4(303 822 823 304)
4(264 305 824 783)
4(304 823 824 305)
4(265 306 825 784)
4(305 824 825 306)
4(266 307 826 785)
4(306 825 826 307)
4(267 308 827 786)
4(307 826 827 308)
4(268 309 828 787)
4(308 827 828 309)
4(269 310 829 788)
4(309 828 829 310)
4(270 311 830 789)
4(310 829 830 311)
4(271 312 831 790)
4(311 830 831 312)
4(312 831 832 313)
4(274 315 834 793)
4(314 833 834 315)
4(275 316 835 794)
4(315 834 835 316)
4(276 317 836 795)
4(316 835 836 317)
4(277 318 837 796)
4(317 836 837 318)
4(278 319 838 797)
4(318 837 838 319)
4(279 320 839 798)
4(319 838 839 320)
4(280 321 840 799)
4(320 839 840 321)
4(281 322 841 800)
4(321 840 841 322)
4(282 323 842 801)
4(322 841 842 323)
4(283 324 843 802)
4(323 842 843 324)
4(284 325 844 803)
4(324 843 844 325)
4(285 326 845 804)
4(325 844 845 326)
4(286 327 846 805)
4(326 845 846 327)
4(287 328 847 806)
4(327 846 847 328)
4(288 329 848 807)
4(328 847 848 329)
4(289 330 849 808)
4(329 848 849 330)
4(290 331 850 809)
4(330 849 850 331)
4(291 332 851 810)
4(331 850 851 332)
4(292 333 852 811)
4(332 851 852 333)
4(293 334 853 812)
4(333 852 853 334)
4(294 335 854 813)
4(334 853 854 335)
4(295 336 855 814)
4(335 854 855 336)
4(296 337 856 815)
4(336 855 856 337)
4(297 338 857 816)
4(337 856 857 338)
4(298 339 858 817)
4(338 857 858 339)
4(299 340 859 818)
4(339 858 859 340)
4(300 341 860 819)
4(340 859 860 341)
4(301 342 861 820)
4(341 860 861 342)
4(302 343 862 821)
4(342 861 862 343)
4(303 344 863 822)
4(343 862 863 344)
4(304 345 864 823)
4(344 863 864 345)
4(305 346 865 824)
4(345 864 865 346)
4(306 347 866 825)
4(346 865 866 347)
4(307 348 867 826)
4(347 866 867 348)
4(308 349 868 827)
4(348 867 868 349)
4(309 350 869 828)
4(349 868 869 350)
4(310 351 870 829)
4(350 869 870 351)
4(311 352 871 830)
4(351 870 871 352)
4(312 353 872 831)
4(352 871 872 353)
4(353 872 873 354)
4(315 356 875 834)
4(355 874 875 356)
4(316 357 876 835)
4(356 875 876 357)
4(317 358 877 836)
4(357 876 877 358)
4(318 359 878 837)
4(358 877 878 359)
4(319 360 879 838)
4(359 878 879 360)
4(320 361 880 839)
4(360 879 880 361)
4(321 362 881 840)
4(361 880 881 362)
4(322 363 882 841)
4(362 881 882 363)
4(323 364 883 842)
4(363 882 883 364)
4(324 365 884 843)
4(364 883 884 365)
4(325 366 885 844)
4(365 884 885 366)
4(326 367 886 845)
4(366 885 886 367)
4(327 368 887 846)
4(367 886 887 368)
4(328 369 888 847)
4(368 887 888 369)
4(329 370 889 848)
4(369 888 889 370)
4(330 371 890 849)
4(370 889 890 371)
4(331 372 891 850)
4(371 890 891 372)
4(332 373 892 851)
4(372 891 892 373)
4(333 374 893 852)
4(373 892 893 374)
4(334 375 894 853)
4(374 893 894 375)
4(335 376 895 854)
4(375 894 895 376)
4(336 377 896 855)
4(376 895 896 377)
4(337 378 897 856)
4(377 896 897 378)
4(338 379 898 857)
4(378 897 898 379)
4(339 380 899 858)
4(379 898 899 380)
4(340 381 900 859)
4(380 899 900 381)
4(341 382 901 860)
4(381 900 901 382)
4(342 383 902 861)
4(382 901 902 383)
4(343 384 903 862)
4(383 902 903 384)
4(344 385 904 863)
4(384 903 904 385)
4(345 386 905 864)
4(385 904 905 386)
4(346 387 906 865)
4(386 905 906 387)
4(347 388 907 866)
4(387 906 907 388)
4(348 389 908 867)
4(388 907 908 389)
4(349 390 909 868)
4(389 908 909 390)
4(350 391 910 869)
4(390 909 910 391)
4(351 392 911 870)
4(391 910 911 392)
4(352 393 912 871)
4(392 911 912 393)
4(353 394 913 872)
4(393 912 913 394)
4(394 913 914 395)
4(356 397 916 875)
4(396 915 916 397)
4(357 398 917 876)
4(397 916 917 398)
4(358 399 918 877)
4(398 917 918 399)
4(359 400 919 878)
4(399 918 919 400)
4(360 401 920 879)
4(400 919 920 401)
4(361 402 921 880)
4(401 920 921 402)
4(362 403 922 881)
4(402 921 922 403)
4(363 404 923 882)
4(403 922 923 404)
4(364 405 924 883)
4(404 923 924 405)
4(365 406 925 884)
4(405 924 925 406)
4(366 407 926 885)
4(406 925 926 407)
4(367 408 927 886)
4(407 926 927 408)
4(368 409 928 887)
4(408 927 928 409)
4(369 410 929 888)
4(409 928 929 410)
4(370 411 930 889)
4(410 929 930 411)
4(371 412 931 890)
4(411 930 931 412)
4(372 413 932 891)
4(412 931 932 413)
4(373 414 933 892)
4(413 932 933 414)
4(374 415 934 893)
4(414 933 934 415)
4(375 416 935 894)
4(415 934 935 416)
4(376 417 936 895)
4(416 935 936 417)
4(377 418 937 896)
4(417 936 937 418)
4(378 419 938 897)
4(418 937 938 419)
4(379 420 939 898)
4(419 938 939 420)
4(380 421 940 899)
4(420 939 940 421)
4(381 422 941 900)
4(421 940 941 422)
4(382 423 942 901)
4(422 941 942 423)
4(383 424 943 902)
4(423 942 943 424)
4(384 425 944 903)
4(424 943 944 425)
4(385 426 945 904)
4(425 944 945 426)
4(386 427 946 905)
4(426 945 946 427)
4(387 428 947 906)
4(427 946 947 428)
4(388 429 948 907)
4(428 947 948 429)
4(389 430 949 908)
4(429 948 949 430)
4(390 431 950 909)
4(430 949 950 431)
4(391 432 951 910)
4(431 950 951 432)
4(392 433 952 911)
4(432 951 952 433)
4(393 434 953 912)
4(433 952 953 434)
4(394 435 954 913)
4(434 953 954 435)
4(435 954 955 436)
4(397 438 957 916)
4(437 956 957 438)
4(398 439 958 917)
4(438 957 958 439)
4(399 440 959 918)
4(439 958 959 440)
4(400 441 960 919)
4(440 959 960 441)
4(401 442 961 920)
4(441 960 961 442)
4(402 443 962 921)
4(442 961 962 443)
4(403 444 963 922)
4(443 962 963 444)
4(404 445 964 923)
4(444 963 964 445)
4(405 446 965 924)
4(445 964 965 446)
4(406 447 966 925)
4(446 965 966 447)
4(407 448 967 926)
4(447 966 967 448)
4(408 449 968 927)
4(448 967 968 449)
4(409 450 969 928)
4(449 968 969 450)
4(410 451 970 929)
4(450 969 970 451)
4(411 452 971 930)
4(451 970 971 452)
4(412 453 972 931)
4(452 971 972 453)
4(413 454 973 932)
4(453 972 973 454)
4(414 455 974 933)
4(454 973 974 455)
4(415 456 975 934)
4(455 974 975 456)
4(416 457 976 935)
4(456 975 976 457)
4(417 458 977 936)
4(457 976 977 458)
4(418 459 978 937)
4(458 977 978 459)
4(419 460 979 938)
4(459 978 979 460)
4(420 461 980 939)
4(460 979 980 461)
4(421 462 981 940)
4(461 980 981 462)
4(422 463 982 941)
4(462 981 982 463)
4(423 464 983 942)
4(463 982 983 464)
4(424 465 984 943)
4(464 983 984 465)
4(425 466 985 944)
4(465 984 985 466)
4(426 467 986 945)
4(466 985 986 467)
4(427 468 987 946)
4(467 986 987 468)
4(428 469 988 947)
4(468 987 988 469)
4(429 470 989 948)
4(469 988 989 470)
4(430 471 990 949)
4(470 989 990 471)
4(431 472 991 950)
4(471 990 991 472)
4(432 473 992 951)
4(472 991 992 473)
4(433 474 993 952)
4(473 992 993 474)
4(434 475 994 953)
4(474 993 994 475)
4(435 476 995 954)
4(475 994 995 476)
4(476 995 996 477)
4(438 479 998 957)
4(439 480 999 958)
4(440 481 1000 959)
4(441 482 1001 960)
4(442 483 1002 961)
4(443 484 1003 962)
4(444 485 1004 963)
4(445 486 1005 964)
4(446 487 1006 965)
4(447 488 1007 966)
4(448 489 1008 967)
4(449 490 1009 968)
4(450 491 1010 969)
4(451 492 1011 970)
4(452 493 1012 971)
4(453 494 1013 972)
4(454 495 1014 973)
4(455 496 1015 974)
4(456 497 1016 975)
4(457 498 1017 976)
4(458 499 1018 977)
4(459 500 1019 978)
4(460 501 1020 979)
4(461 502 1021 980)
4(462 503 1022 981)
4(463 504 1023 982)
4(464 505 1024 983)
4(465 506 1025 984)
4(466 507 1026 985)
4(467 508 1027 986)
4(468 509 1028 987)
4(469 510 1029 988)
4(470 511 1030 989)
4(471 512 1031 990)
4(472 513 1032 991)
4(473 514 1033 992)
4(474 515 1034 993)
4(475 516 1035 994)
4(476 517 1036 995)
4(14 15 534 533)
4(16 17 536 535)
4(17 18 537 536)
4(18 19 538 537)
4(19 20 539 538)
4(20 21 540 539)
4(21 22 541 540)
4(22 23 542 541)
4(23 24 543 542)
4(24 25 544 543)
4(25 26 545 544)
4(26 27 546 545)
4(27 28 547 546)
4(28 29 548 547)
4(29 30 549 548)
4(30 31 550 549)
4(31 32 551 550)
4(32 33 552 551)
4(33 34 553 552)
4(34 35 554 553)
4(35 73 592 554)
4(73 111 630 592)
4(111 149 668 630)
4(149 187 706 668)
4(15 51 570 534)
4(16 535 573 54)
4(54 573 611 92)
4(92 611 649 130)
4(129 130 649 648)
4(478 997 998 479)
4(479 998 999 480)
4(480 999 1000 481)
4(481 1000 1001 482)
4(482 1001 1002 483)
4(483 1002 1003 484)
4(484 1003 1004 485)
4(485 1004 1005 486)
4(486 1005 1006 487)
4(487 1006 1007 488)
4(488 1007 1008 489)
4(489 1008 1009 490)
4(490 1009 1010 491)
4(491 1010 1011 492)
4(492 1011 1012 493)
4(493 1012 1013 494)
4(494 1013 1014 495)
4(495 1014 1015 496)
4(496 1015 1016 497)
4(497 1016 1017 498)
4(498 1017 1018 499)
4(499 1018 1019 500)
4(500 1019 1020 501)
4(501 1020 1021 502)
4(502 1021 1022 503)
4(503 1022 1023 504)
4(504 1023 1024 505)
4(505 1024 1025 506)
4(506 1025 1026 507)
4(507 1026 1027 508)
4(508 1027 1028 509)
4(509 1028 1029 510)
4(510 1029 1030 511)
4(511 1030 1031 512)
4(512 1031 1032 513)
4(513 1032 1033 514)
4(514 1033 1034 515)
4(515 1034 1035 516)
4(516 1035 1036 517)
4(517 1036 1037 518)
4(355 874 915 396)
4(396 915 956 437)
4(437 956 997 478)
4(190 231 750 709)
4(231 272 791 750)
4(272 313 832 791)
4(395 436 955 914)
4(436 477 996 955)
4(477 518 1037 996)
4(0 36 37 1)
4(36 74 75 37)
4(74 112 113 75)
4(112 150 151 113)
4(150 191 192 151)
4(191 232 233 192)
4(232 273 274 233)
4(273 314 315 274)
4(314 355 356 315)
4(355 396 397 356)
4(396 437 438 397)
4(437 478 479 438)
4(1 37 38 2)
4(37 75 76 38)
4(75 113 114 76)
4(113 151 152 114)
4(151 192 193 152)
4(192 233 234 193)
4(233 274 275 234)
4(274 315 316 275)
4(315 356 357 316)
4(356 397 398 357)
4(397 438 439 398)
4(438 479 480 439)
4(2 38 39 3)
4(38 76 77 39)
4(76 114 115 77)
4(114 152 153 115)
4(152 193 194 153)
4(193 234 235 194)
4(234 275 276 235)
4(275 316 317 276)
4(316 357 358 317)
4(357 398 399 358)
4(398 439 440 399)
4(439 480 481 440)
4(3 39 40 4)
4(39 77 78 40)
4(77 115 116 78)
4(115 153 154 116)
4(153 194 195 154)
4(194 235 236 195)
4(235 276 277 236)
4(276 317 318 277)
4(317 358 359 318)
4(358 399 400 359)
4(399 440 441 400)
4(440 481 482 441)
4(4 40 41 5)
4(40 78 79 41)
4(78 116 117 79)
4(116 154 155 117)
4(154 195 196 155)
4(195 236 237 196)
4(236 277 278 237)
4(277 318 319 278)
4(318 359 360 319)
4(359 400 401 360)
4(400 441 442 401)
4(441 482 483 442)
4(5 41 42 6)
4(41 79 80 42)
4(79 117 118 80)
4(117 155 156 118)
4(155 196 197 156)
4(196 237 238 197)
4(237 278 279 238)
4(278 319 320 279)
4(319 360 361 320)
4(360 401 402 361)
4(401 442 443 402)
4(442 483 484 443)
4(6 42 43 7)
4(42 80 81 43)
4(80 118 119 81)
4(118 156 157 119)
4(156 197 198 157)
4(197 238 239 198)
4(238 279 280 239)
4(279 320 321 280)
4(320 361 362 321)
4(361 402 403 362)
4(402 443 444 403)
4(443 484 485 444)
4(7 43 44 8)
4(43 81 82 44)
4(81 119 120 82)
4(119 157 158 120)
4(157 198 199 158)
4(198 239 240 199)
4(239 280 281 240)
4(280 321 322 281)
4(321 362 363 322)
4(362 403 404 363)
4(403 444 445 404)
4(444 485 486 445)
4(8 44 45 9)
4(44 82 83 45)
4(82 120 121 83)
4(120 158 159 121)
4(158 199 200 159)
4(199 240 241 200)
4(240 281 282 241)
4(281 322 323 282)
4(322 363 364 323)
4(363 404 405 364)
4(404 445 446 405)
4(445 486 487 446)
4(9 45 46 10)
4(45 83 84 46)
4(83 121 122 84)
4(121 159 160 122)
4(159 200 201 160)
4(200 241 242 201)
4(241 282 283 242)
4(282 323 324 283)
4(323 364 365 324)
4(364 405 406 365)
4(405 446 447 406)
4(446 487 488 447)
4(10 46 47 11)
4(46 84 85 47)
4(84 122 123 85)
4(122 160 161 123)
4(160 201 202 161)
4(201 242 243 202)
4(242 283 284 243)
4(283 324 325 284)
4(324 365 366 325)
4(365 406 407 366)
4(406 447 448 407)
4(447 488 489 448)
4(11 47 48 12)
4(47 85 86 48)
4(85 123 124 86)
4(123 161 162 124)
4(161 202 203 162)
4(202 243 244 203)
4(243 284 285 244)
4(284 325 326 285)
4(325 366 367 326)
4(366 407 408 367)
4(407 448 449 408)
4(448 489 490 449)
4(12 48 49 13)
4(48 86 87 49)
4(86 124 125 87)
4(124 162 163 125)
4(162 203 204 163)
4(203 244 245 204)
4(244 285 286 245)
4(285 326 327 286)
4(326 367 368 327)
4(367 408 409 368)
4(408 449 450 409)
4(449 490 491 450)
4(13 49 50 14)
4(49 87 88 50)
4(87 125 126 88)
4(125 163 164 126)
4(163 204 205 164)
4(204 245 246 205)
4(245 286 287 246)
4(286 327 328 287)
4(327 368 369 328)
4(368 409 410 369)
4(409 450 451 410)
4(450 491 492 451)
4(14 50 51 15)
4(50 88 89 51)
4(88 126 127 89)
4(126 164 165 127)
4(164 205 206 165)
4(205 246 247 206)
4(246 287 288 247)
4(287 328 329 288)
4(328 369 370 329)
4(369 410 411 370)
4(410 451 452 411)
4(451 492 493 452)
4(51 89 90 52)
4(89 127 128 90)
4(127 165 166 128)
4(165 206 207 166)
4(206 247 248 207)
4(247 288 289 248)
4(288 329 330 289)
4(329 370 371 330)
4(370 411 412 371)
4(411 452 453 412)
4(452 493 494 453)
4(52 90 91 53)
4(90 128 129 91)
4(128 166 167 129)
4(166 207 208 167)
4(207 248 249 208)
4(248 289 290 249)
4(289 330 331 290)
4(330 371 372 331)
4(371 412 413 372)
4(412 453 454 413)
4(453 494 495 454)
4(129 167 168 130)
4(167 208 209 168)
4(208 249 250 209)
4(249 290 291 250)
4(290 331 332 291)
4(331 372 373 332)
4(372 413 414 373)
4(413 454 455 414)
4(454 495 496 455)
4(16 54 55 17)
4(54 92 93 55)
4(92 130 131 93)
4(130 168 169 131)
4(168 209 210 169)
4(209 250 251 210)
4(250 291 292 251)
4(291 332 333 292)
4(332 373 374 333)
4(373 414 415 374)
4(414 455 456 415)
4(455 496 497 456)
4(17 55 56 18)
4(55 93 94 56)
4(93 131 132 94)
4(131 169 170 132)
4(169 210 211 170)
4(210 251 252 211)
4(251 292 293 252)
4(292 333 334 293)
4(333 374 375 334)
4(374 415 416 375)
4(415 456 457 416)
4(456 497 498 457)
4(18 56 57 19)
4(56 94 95 57)
4(94 132 133 95)
4(132 170 171 133)
4(170 211 212 171)
4(211 252 253 212)
4(252 293 294 253)
4(293 334 335 294)
4(334 375 376 335)
4(375 416 417 376)
4(416 457 458 417)
4(457 498 499 458)
4(19 57 58 20)
4(57 95 96 58)
4(95 133 134 96)
4(133 171 172 134)
4(171 212 213 172)
4(212 253 254 213)
4(253 294 295 254)
4(294 335 336 295)
4(335 376 377 336)
4(376 417 418 377)
4(417 458 459 418)
4(458 499 500 459)
4(20 58 59 21)
4(58 96 97 59)
4(96 134 135 97)
4(134 172 173 135)
4(172 213 214 173)
4(213 254 255 214)
4(254 295 296 255)
4(295 336 337 296)
4(336 377 378 337)
4(377 418 419 378)
4(418 459 460 419)
4(459 500 501 460)
4(21 59 60 22)
4(59 97 98 60)
4(97 135 136 98)
4(135 173 174 136)
4(173 214 215 174)
4(214 255 256 215)
4(255 296 297 256)
4(296 337 338 297)
4(337 378 379 338)
4(378 419 420 379)
4(419 460 461 420)
4(460 501 502 461)
4(22 60 61 23)
4(60 98 99 61)
4(98 136 137 99)
4(136 174 175 137)
4(174 215 216 175)
4(215 256 257 216)
4(256 297 298 257)
4(297 338 339 298)
4(338 379 380 339)
4(379 420 421 380)
4(420 461 462 421)
4(461 502 503 462)
4(23 61 62 24)
4(61 99 100 62)
4(99 137 138 100)
4(137 175 176 138)
4(175 216 217 176)
4(216 257 258 217)
4(257 298 299 258)
4(298 339 340 299)
4(339 380 381 340)
4(380 421 422 381)
4(421 462 463 422)
4(462 503 504 463)
4(24 62 63 25)
4(62 100 101 63)
4(100 138 139 101)
4(138 176 177 139)
4(176 217 218 177)
4(217 258 259 218)
4(258 299 300 259)
4(299 340 341 300)
4(340 381 382 341)
4(381 422 423 382)
4(422 463 464 423)
4(463 504 505 464)
4(25 63 64 26)
4(63 101 102 64)
4(101 139 140 102)
4(139 177 178 140)
4(177 218 219 178)
4(218 259 260 219)
4(259 300 301 260)
4(300 341 342 301)
4(341 382 383 342)
4(382 423 424 383)
4(423 464 465 424)
4(464 505 506 465)
4(26 64 65 27)
4(64 102 103 65)
4(102 140 141 103)
4(140 178 179 141)
4(178 219 220 179)
4(219 260 261 220)
4(260 301 302 261)
4(301 342 343 302)
4(342 383 384 343)
4(383 424 425 384)
4(424 465 466 425)
4(465 506 507 466)
4(27 65 66 28)
4(65 103 104 66)
4(103 141 142 104)
4(141 179 180 142)
4(179 220 221 180)
4(220 261 262 221)
4(261 302 303 262)
4(302 343 344 303)
4(343 384 385 344)
4(384 425 426 385)
4(425 466 467 426)
4(466 507 508 467)
4(28 66 67 29)
4(66 104 105 67)
4(104 142 143 105)
4(142 180 181 143)
4(180 221 222 181)
4(221 262 263 222)
4(262 303 304 263)
4(303 344 345 304)
4(344 385 386 345)
4(385 426 427 386)
4(426 467 468 427)
4(467 508 509 468)
4(29 67 68 30)
4(67 105 106 68)
4(105 143 144 106)
4(143 181 182 144)
4(181 222 223 182)
4(222 263 264 223)
4(263 304 305 264)
4(304 345 346 305)
4(345 386 387 346)
4(386 427 428 387)
4(427 468 469 428)
4(468 509 510 469)
4(30 68 69 31)
4(68 106 107 69)
4(106 144 145 107)
4(144 182 183 145)
4(182 223 224 183)
4(223 264 265 224)
4(264 305 306 265)
4(305 346 347 306)
4(346 387 388 347)
4(387 428 429 388)
4(428 469 470 429)
4(469 510 511 470)
4(31 69 70 32)
4(69 107 108 70)
4(107 145 146 108)
4(145 183 184 146)
4(183 224 225 184)
4(224 265 266 225)
4(265 306 307 266)
4(306 347 348 307)
4(347 388 389 348)
4(388 429 430 389)
4(429 470 471 430)
4(470 511 512 471)
4(32 70 71 33)
4(70 108 109 71)
4(108 146 147 109)
4(146 184 185 147)
4(184 225 226 185)
4(225 266 267 226)
4(266 307 308 267)
4(307 348 349 308)
4(348 389 390 349)
4(389 430 431 390)
4(430 471 472 431)
4(471 512 513 472)
4(33 71 72 34)
4(71 109 110 72)
4(109 147 148 110)
4(147 185 186 148)
4(185 226 227 186)
4(226 267 268 227)
4(267 308 309 268)
4(308 349 350 309)
4(349 390 391 350)
4(390 431 432 391)
4(431 472 473 432)
4(472 513 514 473)
4(34 72 73 35)
4(72 110 111 73)
4(110 148 149 111)
4(148 186 187 149)
4(186 227 228 187)
4(227 268 269 228)
4(268 309 310 269)
4(309 350 351 310)
4(350 391 392 351)
4(391 432 433 392)
4(432 473 474 433)
4(473 514 515 474)
4(187 228 229 188)
4(228 269 270 229)
4(269 310 311 270)
4(310 351 352 311)
4(351 392 393 352)
4(392 433 434 393)
4(433 474 475 434)
4(474 515 516 475)
4(188 229 230 189)
4(229 270 271 230)
4(270 311 312 271)
4(311 352 353 312)
4(352 393 394 353)
4(393 434 435 394)
4(434 475 476 435)
4(475 516 517 476)
4(189 230 231 190)
4(230 271 272 231)
4(271 312 313 272)
4(312 353 354 313)
4(353 394 395 354)
4(394 435 436 395)
4(435 476 477 436)
4(476 517 518 477)
4(519 520 556 555)
4(555 556 594 593)
4(593 594 632 631)
4(631 632 670 669)
4(669 670 711 710)
4(710 711 752 751)
4(751 752 793 792)
4(792 793 834 833)
4(833 834 875 874)
4(874 875 916 915)
4(915 916 957 956)
4(956 957 998 997)
4(520 521 557 556)
4(556 557 595 594)
4(594 595 633 632)
4(632 633 671 670)
4(670 671 712 711)
4(711 712 753 752)
4(752 753 794 793)
4(793 794 835 834)
4(834 835 876 875)
4(875 876 917 916)
4(916 917 958 957)
4(957 958 999 998)
4(521 522 558 557)
4(557 558 596 595)
4(595 596 634 633)
4(633 634 672 671)
4(671 672 713 712)
4(712 713 754 753)
4(753 754 795 794)
4(794 795 836 835)
4(835 836 877 876)
4(876 877 918 917)
4(917 918 959 958)
4(958 959 1000 999)
4(522 523 559 558)
4(558 559 597 596)
4(596 597 635 634)
4(634 635 673 672)
4(672 673 714 713)
4(713 714 755 754)
4(754 755 796 795)
4(795 796 837 836)
4(836 837 878 877)
4(877 878 919 918)
4(918 919 960 959)
4(959 960 1001 1000)
4(523 524 560 559)
4(559 560 598 597)
4(597 598 636 635)
4(635 636 674 673)
4(673 674 715 714)
4(714 715 756 755)
4(755 756 797 796)
4(796 797 838 837)
4(837 838 879 878)
4(878 879 920 919)
4(919 920 961 960)
4(960 961 1002 1001)
4(524 525 561 560)
4(560 561 599 598)
4(598 599 637 636)
4(636 637 675 674)
4(674 675 716 715)
4(715 716 757 756)
4(756 757 798 797)
4(797 798 839 838)
4(838 839 880 879)
4(879 880 921 920)
4(920 921 962 961)
4(961 962 1003 1002)
4(525 526 562 561)
4(561 562 600 599)
4(599 600 638 637)
4(637 638 676 675)
4(675 676 717 716)
4(716 717 758 757)
4(757 758 799 798)
4(798 799 840 839)
4(839 840 881 880)
4(880 881 922 921)
4(921 922 963 962)
4(962 963 1004 1003)
4(526 527 563 562)
4(562 563 601 600)
4(600 601 639 638)
4(638 639 677 676)
4(676 677 718 717)
4(717 718 759 758)
4(758 759 800 799)
4(799 800 841 840)
4(840 841 882 881)
4(881 882 923 922)
4(922 923 964 963)
4(963 964 1005 1004)
4(527 528 564 563)
4(563 564 602 601)
4(601 602 640 639)
4(639 640 678 677)
4(677 678 719 718)
4(718 719 760 759)
4(759 760 801 800)
4(800 801 842 841)
4(841 842 883 882)
4(882 883 924 923)
4(923 924 965 964)
4(964 965 1006 1005)
4(528 529 565 564)
4(564 565 603 602)
4(602 603 641 640)
4(640 641 679 678)
4(678 679 720 719)
4(719 720 761 760)
4(760 761 802 801)
4(801 802 843 842)
4(842 843 884 883)
4(883 884 925 924)
4(924 925 966 965)
4(965 966 1007 1006)
4(529 530 566 565)
4(565 566 604 603)
4(603 604 642 641)
4(641 642 680 679)
4(679 680 721 720)
4(720 721 762 761)
4(761 762 803 802)
4(802 803 844 843)
4(843 844 885 884)
4(884 885 926 925)
4(925 926 967 966)
4(966 967 1008 1007)
4(530 531 567 566)
4(566 567 605 604)
4(604 605 643 642)
4(642 643 681 680)
4(680 681 722 721)
4(721 722 763 762)
4(762 763 804 803)
4(803 804 845 844)
4(844 845 886 885)
4(885 886 927 926)
4(926 927 968 967)
4(967 968 1009 1008)
4(531 532 568 567)
4(567 568 606 605)
4(605 606 644 643)
4(643 644 682 681)
4(681 682 723 722)
4(722 723 764 763)
4(763 764 805 804)
4(804 805 846 845)
4(845 846 887 886)
4(886 887 928 927)
4(927 928 969 968)
4(968 969 1010 1009)
4(532 533 569 568)
4(568 569 607 606)
4(606 607 645 644)
4(644 645 683 682)
4(682 683 724 723)
4(723 724 765 764)
4(764 765 806 805)
4(805 806 847 846)
4(846 847 888 887)
4(887 888 929 928)
4(928 929 970 969)
4(969 970 1011 1010)
4(533 534 570 569)
4(569 570 608 607)
4(607 608 646 645)
4(645 646 684 683)
4(683 684 725 724)
4(724 725 766 765)
4(765 766 807 806)
4(806 807 848 847)
4(847 848 889 888)
4(888 889 930 929)
4(929 930 971 970)
4(970 971 1012 1011)
4(570 571 609 608)
4(608 609 647 646)
4(646 647 685 684)
4(684 685 726 725)
4(725 726 767 766)
4(766 767 808 807)
4(807 808 849 848)
4(848 849 890 889)
4(889 890 931 930)
4(930 931 972 971)
4(971 972 1013 1012)
4(571 572 610 609)
4(609 610 648 647)
4(647 648 686 685)
4(685 686 727 726)
4(726 727 768 767)
4(767 768 809 808)
4(808 809 850 849)
4(849 850 891 890)
4(890 891 932 931)
4(931 932 973 972)
4(972 973 1014 1013)
4(648 649 687 686)
4(686 687 728 727)
4(727 728 769 768)
4(768 769 810 809)
4(809 810 851 850)
4(850 851 892 891)
4(891 892 933 932)
4(932 933 974 973)
4(973 974 1015 1014)
4(535 536 574 573)
4(573 574 612 611)
4(611 612 650 649)
4(649 650 688 687)
4(687 688 729 728)
4(728 729 770 769)
4(769 770 811 810)
4(810 811 852 851)
4(851 852 893 892)
4(892 893 934 933)
4(933 934 975 974)
4(974 975 1016 1015)
4(536 537 575 574)
4(574 575 613 612)
4(612 613 651 650)
4(650 651 689 688)
4(688 689 730 729)
4(729 730 771 770)
4(770 771 812 811)
4(811 812 853 852)
4(852 853 894 893)
4(893 894 935 934)
4(934 935 976 975)
4(975 976 1017 1016)
4(537 538 576 575)
4(575 576 614 613)
4(613 614 652 651)
4(651 652 690 689)
4(689 690 731 730)
4(730 731 772 771)
4(771 772 813 812)
4(812 813 854 853)
4(853 854 895 894)
4(894 895 936 935)
4(935 936 977 976)
4(976 977 1018 1017)
4(538 539 577 576)
4(576 577 615 614)
4(614 615 653 652)
4(652 653 691 690)
4(690 691 732 731)
4(731 732 773 772)
4(772 773 814 813)
4(813 814 855 854)
4(854 855 896 895)
4(895 896 937 936)
4(936 937 978 977)
4(977 978 1019 1018)
4(539 540 578 577)
4(577 578 616 615)
4(615 616 654 653)
4(653 654 692 691)
4(691 692 733 732)
4(732 733 774 773)
4(773 774 815 814)
4(814 815 856 855)
4(855 856 897 896)
4(896 897 938 937)
4(937 938 979 978)
4(978 979 1020 1019)
4(540 541 579 578)
4(578 579 617 616)
4(616 617 655 654)
4(654 655 693 692)
4(692 693 734 733)
4(733 734 775 774)
4(774 775 816 815)
4(815 816 857 856)
4(856 857 898 897)
4(897 898 939 938)
4(938 939 980 979)
4(979 980 1021 1020)
4(541 542 580 579)
4(579 580 618 617)
4(617 618 656 655)
4(655 656 694 693)
4(693 694 735 734)
4(734 735 776 775)
4(775 776 817 816)
4(816 817 858 857)
4(857 858 899 898)
4(898 899 940 939)
4(939 940 981 980)
4(980 981 1022 1021)
4(542 543 581 580)
4(580 581 619 618)
4(618 619 657 656)
4(656 657 695 694)
4(694 695 736 735)
4(735 736 777 776)
4(776 777 818 817)
4(817 818 859 858)
4(858 859 900 899)
4(899 900 941 940)
4(940 941 982 981)
4(981 982 1023 1022)
4(543 544 582 581)
4(581 582 620 619)
4(619 620 658 657)
4(657 658 696 695)
4(695 696 737 736)
4(736 737 778 777)
4(777 778 819 818)
4(818 819 860 859)
4(859 860 901 900)
4(900 901 942 941)
4(941 942 983 982)
4(982 983 1024 1023)
4(544 545 583 582)
4(582 583 621 620)
4(620 621 659 658)
4(658 659 697 696)
4(696 697 738 737)
4(737 738 779 778)
4(778 779 820 819)
4(819 820 861 860)
4(860 861 902 901)
4(901 902 943 942)
4(942 943 984 983)
4(983 984 1025 1024)
4(545 546 584 583)
4(583 584 622 621)
4(621 622 660 659)
4(659 660 698 697)
4(697 698 739 738)
4(738 739 780 779)
4(779 780 821 820)
4(820 821 862 861)
4(861 862 903 902)
4(902 903 944 943)
4(943 944 985 984)
4(984 985 1026 1025)
4(546 547 585 584)
4(584 585 623 622)
4(622 623 661 660)
4(660 661 699 698)
4(698 699 740 739)
4(739 740 781 780)
4(780 781 822 821)
4(821 822 863 862)
4(862 863 904 903)
4(903 904 945 944)
4(944 945 986 985)
4(985 986 1027 1026)
4(547 548 586 585)
4(585 586 624 623)
4(623 624 662 661)
4(661 662 700 699)
4(699 700 741 740)
4(740 741 782 781)
4(781 782 823 822)
4(822 823 864 863)
4(863 864 905 904)
4(904 905 946 945)
4(945 946 987 986)
4(986 987 1028 1027)
4(548 549 587 586)
4(586 587 625 624)
4(624 625 663 662)
4(662 663 701 700)
4(700 701 742 741)
4(741 742 783 782)
4(782 783 824 823)
4(823 824 865 864)
4(864 865 906 905)
4(905 906 947 946)
4(946 947 988 987)
4(987 988 1029 1028)
4(549 550 588 587)
4(587 588 626 625)
4(625 626 664 663)
4(663 664 702 701)
4(701 702 743 742)
4(742 743 784 783)
4(783 784 825 824)
4(824 825 866 865)
4(865 866 907 906)
4(906 907 948 947)
4(947 948 989 988)
4(988 989 1030 1029)
4(550 551 589 588)
4(588 589 627 626)
4(626 627 665 664)
4(664 665 703 702)
4(702 703 744 743)
4(743 744 785 784)
4(784 785 826 825)
4(825 826 867 866)
4(866 867 908 907)
4(907 908 949 948)
4(948 949 990 989)
4(989 990 1031 1030)
4(551 552 590 589)
4(589 590 628 627)
4(627 628 666 665)
4(665 666 704 703)
4(703 704 745 744)
4(744 745 786 785)
4(785 786 827 826)
4(826 827 868 867)
4(867 868 909 908)
4(908 909 950 949)
4(949 950 991 990)
4(990 991 1032 1031)
4(552 553 591 590)
4(590 591 629 628)
4(628 629 667 666)
4(666 667 705 704)
4(704 705 746 745)
4(745 746 787 786)
4(786 787 828 827)
4(827 828 869 868)
4(868 869 910 909)
4(909 910 951 950)
4(950 951 992 991)
4(991 992 1033 1032)
4(553 554 592 591)
4(591 592 630 629)
4(629 630 668 667)
4(667 668 706 705)
4(705 706 747 746)
4(746 747 788 787)
4(787 788 829 828)
4(828 829 870 869)
4(869 870 911 910)
4(910 911 952 951)
4(951 952 993 992)
4(992 993 1034 1033)
4(706 707 748 747)
4(747 748 789 788)
4(788 789 830 829)
4(829 830 871 870)
4(870 871 912 911)
4(911 912 953 952)
4(952 953 994 993)
4(993 994 1035 1034)
4(707 708 749 748)
4(748 749 790 789)
4(789 790 831 830)
4(830 831 872 871)
4(871 872 913 912)
4(912 913 954 953)
4(953 954 995 994)
4(994 995 1036 1035)
4(708 709 750 749)
4(749 750 791 790)
4(790 791 832 831)
4(831 832 873 872)
4(872 873 914 913)
4(913 914 955 954)
4(954 955 996 995)
4(995 996 1037 1036)
4(0 519 555 36)
4(36 555 593 74)
4(74 593 631 112)
4(112 631 669 150)
4(150 669 710 191)
4(191 710 751 232)
4(232 751 792 273)
4(273 792 833 314)
4(314 833 874 355)
4(313 354 873 832)
4(354 395 914 873)
4(0 1 520 519)
4(1 2 521 520)
4(2 3 522 521)
4(3 4 523 522)
4(4 5 524 523)
4(5 6 525 524)
4(6 7 526 525)
4(7 8 527 526)
4(8 9 528 527)
4(9 10 529 528)
4(10 11 530 529)
4(11 12 531 530)
4(12 13 532 531)
4(13 14 533 532)
4(187 188 707 706)
4(188 189 708 707)
4(189 190 709 708)
4(51 52 571 570)
4(52 53 572 571)
4(53 91 610 572)
4(91 129 648 610)
)


// ************************************************************************* //
